7 14	1 10
2 7	8 10
2 14	9 10
7 11	1 10
11 14	2 10
2 11	7 10
7 8	1 10
8 14	0 10
2 8	9 10
8 11	2 10
3 4	3 10
3 20	1 10
4 20	4 10
3 12	3 10
4 12	0 10
12 20	4 10
3 14	1 10
4 14	4 10
14 20	0 10
12 14	4 10
3 11	4 10
4 11	1 10
11 20	5 10
11 12	1 10
11 14	5 10
3 19	3 10
4 19	0 10
19 20	4 10
12 19	0 10
14 19	4 10
11 19	1 10
7 19	9 10
17 19	2 10
7 17	7 10
3 19	1 10
3 7	8 10
3 17	1 10
3 20	4 10
3 11	5 10
11 20	1 10
9 10	2 10
6 9	5 10
6 10	7 10
1 10	6 10
1 20	5 10
10 20	1 10
10 11	7 10
1 10	5 10
1 11	2 10
10 19	8 10
11 19	1 10
1 19	3 10
3 10	0 10
3 11	7 10
1 3	5 10
3 19	8 10
7 10	6 10
7 11	1 10
1 7	1 10
7 19	2 10
3 7	6 10
2 7	2 10
4 7	3 10
2 4	1 10
7 20	6 10
2 20	4 10
4 20	3 10
7 10	2 10
2 10	4 10
4 10	5 10
10 20	8 10
4 17	3 10
9 17	1 10
4 9	2 10
1 17	8 10
1 4	5 10
1 9	7 10
7 17	1 10
4 7	4 10
7 9	2 10
1 7	9 10
16 19	0 10
12 16	3 10
12 19	3 10
11 16	5 10
11 19	5 10
11 12	2 10
7 16	1 10
7 19	1 10
7 12	4 10
7 11	6 10
16 20	1 10
19 20	1 10
12 20	2 10
11 20	4 10
7 20	2 10
14 16	3 10
14 19	3 10
12 14	0 10
11 14	2 10
7 14	4 10
14 20	2 10
3 16	2 10
3 19	2 10
3 12	1 10
3 11	3 10
3 7	3 10
3 20	1 10
3 14	1 10
10 12	5 10
10 20	0 10
12 20	5 10
8 10	5 10
8 12	0 10
8 20	5 10
7 10	1 10
2 16	5 10
2 12	2 10
2 5	2 10
5 12	4 10
2 9	0 10
9 12	2 10
5 9	2 10
12 19	0 10
19 20	2 10
12 20	2 10
11 19	6 10
11 12	6 10
11 20	4 10
3 19	6 10
3 12	6 10
3 20	4 10
3 11	0 10
9 19	1 10
9 12	1 10
9 20	3 10
9 11	7 10
3 9	7 10
2 18	1 10
14 18	4 10
2 14	3 10
11 18	1 10
2 11	0 10
11 14	3 10
3 18	2 10
2 3	3 10
3 14	6 10
3 11	3 10
18 20	1 10
2 20	0 10
14 20	3 10
11 20	0 10
3 20	3 10
5 10	2 10
6 10	1 10
5 6	1 10
10 17	3 10
5 17	1 10
6 17	2 10
9 10	3 10
5 9	5 10
6 9	4 10
9 17	6 10
10 20	3 10
5 20	1 10
6 20	2 10
17 20	0 10
9 20	6 10
3 10	0 10
3 5	2 10
3 6	1 10
3 17	3 10
3 9	3 10
3 20	3 10
3 12	5 10
3 19	2 10
12 19	3 10
7 12	1 10
7 14	9 10
12 14	8 10
7 10	9 10
10 12	8 10
10 14	0 10
6 7	3 10
6 12	2 10
6 14	6 10
6 10	6 10
7 9	7 10
9 12	6 10
9 14	2 10
9 10	2 10
6 9	4 10
3 7	8 10
3 12	7 10
3 14	1 10
3 10	1 10
3 6	5 10
3 9	1 10
1 7	2 10
1 12	1 10
1 14	7 10
1 10	7 10
1 6	1 10
1 9	5 10
1 3	6 10
7 20	8 10
12 20	7 10
14 20	1 10
10 20	1 10
6 20	5 10
9 20	1 10
3 20	0 10
1 20	6 10
7 18	2 10
12 18	1 10
14 18	7 10
10 18	7 10
6 18	1 10
9 18	5 10
3 18	6 10
1 18	0 10
18 20	6 10
4 7	5 10
4 12	4 10
4 14	4 10
4 10	4 10
4 6	2 10
4 9	2 10
3 4	3 10
1 4	3 10
4 20	3 10
4 18	3 10
1 7	4 10
7 10	1 10
1 10	3 10
7 13	5 10
1 13	1 10
10 13	4 10
11 16	3 10
3 11	4 10
3 16	1 10
2 11	1 10
2 16	4 10
2 3	5 10
11 12	3 10
12 16	0 10
3 12	1 10
2 12	4 10
1 11	1 10
1 16	4 10
1 3	5 10
1 2	0 10
1 12	4 10
11 13	5 10
13 16	2 10
3 13	1 10
2 13	6 10
12 13	2 10
1 13	6 10
3 20	3 10
3 13	5 10
13 20	8 10
1 3	3 10
1 20	0 10
1 13	8 10
3 19	3 10
19 20	6 10
13 19	2 10
1 19	6 10
12 18	3 10
3 16	3 10
3 19	5 10
16 19	8 10
3 4	4 10
4 16	1 10
4 19	9 10
9 18	5 10
9 19	1 10
18 19	6 10
5 9	1 10
5 18	6 10
5 19	0 10
9 14	5 10
14 18	0 10
14 19	6 10
5 14	6 10
6 11	7 10
6 10	2 10
10 11	9 10
3 6	4 10
3 11	3 10
3 10	6 10
5 6	0 10
5 11	7 10
5 10	2 10
3 5	4 10
6 15	4 10
11 15	3 10
10 15	6 10
3 15	0 10
5 15	4 10
4 6	0 10
4 11	7 10
4 10	2 10
3 4	4 10
4 5	0 10
4 15	4 10
3 16	1 10
7 16	3 10
3 7	2 10
2 16	1 10
2 3	0 10
2 7	2 10
12 16	3 10
3 12	4 10
7 12	6 10
2 12	4 10
6 16	2 10
3 6	1 10
6 7	1 10
2 6	1 10
6 12	5 10
16 19	4 10
3 19	5 10
7 19	7 10
2 19	5 10
12 19	1 10
6 19	6 10
17 20	2 10
2 20	3 10
2 17	1 10
10 20	3 10
10 17	5 10
2 10	6 10
7 20	1 10
7 17	1 10
2 7	2 10
7 10	4 10
1 20	6 10
1 17	4 10
1 2	3 10
1 10	9 10
1 7	5 10
3 9	2 10
7 9	6 10
3 7	8 10
6 9	2 10
3 6	0 10
6 7	8 10
9 19	5 10
3 19	7 10
7 19	1 10
6 19	7 10
1 10	4 10
4 10	2 10
1 4	2 10
1 8	5 10
8 9	2 10
1 9	3 10
8 10	3 10
1 10	8 10
9 10	5 10
4 8	3 10
1 4	8 10
4 9	5 10
4 10	0 10
8 20	0 10
1 20	5 10
9 20	2 10
10 20	3 10
4 20	3 10
8 19	1 10
1 19	4 10
9 19	1 10
10 19	4 10
4 19	4 10
19 20	1 10
19 20	2 10
1 19	7 10
1 20	9 10
2 4	4 10
2 12	2 10
4 12	2 10
14 20	6 10
9 20	7 10
9 14	1 10
3 20	5 10
3 14	1 10
3 9	2 10
7 20	6 10
7 14	0 10
7 9	1 10
3 7	1 10
4 20	7 10
4 14	1 10
4 9	0 10
3 4	2 10
4 7	1 10
10 20	0 10
10 14	6 10
9 10	7 10
3 10	5 10
7 10	6 10
4 10	7 10
7 19	3 10
1 19	6 10
1 7	9 10
5 19	1 10
5 7	2 10
1 5	7 10
4 12	0 10
4 18	2 10
12 18	2 10
4 19	3 10
12 19	3 10
18 19	1 10
4 16	3 10
12 16	3 10
16 18	1 10
16 19	0 10
4 8	8 10
8 12	8 10
8 18	6 10
8 19	5 10
8 16	5 10
1 4	2 10
1 12	2 10
1 18	0 10
1 19	1 10
1 16	1 10
1 8	6 10
3 19	8 10
2 19	5 10
2 3	3 10
12 19	7 10
3 12	1 10
2 12	2 10
1 19	0 10
1 3	8 10
1 2	5 10
1 12	7 10
2 11	9 10
11 13	7 10
2 13	2 10
1 13	3 10
3 13	1 10
1 3	2 10
7 13	7 10
1 7	4 10
3 7	6 10
2 12	5 10
2 20	1 10
12 20	6 10
2 7	4 10
7 12	1 10
7 20	5 10
9 19	0 10
11 19	8 10
9 11	8 10
12 19	6 10
9 12	6 10
11 12	2 10
1 4	0 10
4 12	3 10
1 12	3 10
3 4	2 10
1 3	2 10
3 12	5 10
4 16	5 10
1 16	5 10
12 16	2 10
3 16	7 10
4 5	7 10
1 5	7 10
5 12	4 10
3 5	9 10
5 16	2 10
4 13	2 10
1 13	2 10
12 13	1 10
3 13	4 10
13 16	3 10
5 13	5 10
5 12	2 10
7 12	4 10
5 7	6 10
12 19	4 10
5 19	6 10
7 19	0 10
2 11	1 10
2 12	1 10
11 12	2 10
2 14	0 10
11 14	1 10
12 14	1 10
1 2	5 10
1 11	6 10
1 12	4 10
1 14	5 10
2 6	1 10
6 11	2 10
6 12	0 10
6 14	1 10
1 6	4 10
3 5	0 10
3 14	6 10
5 14	6 10
3 19	3 10
5 19	3 10
14 19	9 10
3 7	4 10
5 7	4 10
7 14	2 10
7 19	7 10
3 20	6 10
5 20	6 10
14 20	0 10
19 20	9 10
7 20	2 10
3 9	0 10
5 9	0 10
9 14	6 10
9 19	3 10
7 9	4 10
9 20	6 10
3 6	4 10
5 6	4 10
6 14	2 10
6 19	7 10
6 7	0 10
6 20	2 10
6 9	4 10
17 19	3 10
7 17	2 10
7 19	1 10
5 17	4 10
5 19	1 10
5 7	2 10
14 17	2 10
14 19	1 10
7 14	0 10
5 14	2 10
4 17	4 10
4 19	7 10
4 7	6 10
4 5	8 10
4 14	6 10
11 17	5 10
11 19	8 10
7 11	7 10
5 11	9 10
11 14	7 10
4 11	1 10
2 12	1 10
2 7	4 10
7 12	3 10
1 2	5 10
1 12	6 10
1 7	9 10
2 11	3 10
11 12	4 10
7 11	7 10
1 11	2 10
3 5	7 10
5 12	1 10
3 12	6 10
15 17	4 10
17 20	2 10
15 20	2 10
7 17	4 10
7 15	8 10
7 20	6 10
5 17	5 10
5 15	9 10
5 20	7 10
5 7	1 10
9 17	5 10
9 15	9 10
9 20	7 10
7 9	1 10
5 9	0 10
