55	49 10
94	49 6
74	49 5
11	49 7
63	49 3
76	49 1
24	49 5
65	49 2
34	49 10
64	49 2
51	49 3
61	49 2
2	49 10
43	49 6
19	49 8
68	49 4
53	71 7
60	71 9
2	56 5
61	56 10
28	56 7
17	56 5
36	56 10
54	56 7
39	56 4
88	56 7
56	56 9
44	56 9
90	56 3
55	56 9
19	56 4
8	56 10
94	56 2
86	56 7
33	56 1
62	56 3
41	56 9
10	56 2
81	56 1
89	56 1
38	56 2
100	56 8
40	56 5
15	56 8
47	56 8
37	56 2
1	56 10
52	56 10
57	56 10
70	56 4
23	56 10
63	56 7
32	56 9
22	56 5
4	56 6
67	56 6
25	56 4
57	10 6
99	10 6
68	10 4
78	10 9
49	10 2
20	10 2
26	10 6
35	10 2
97	10 8
69	10 4
22	10 8
72	10 9
81	10 10
16	10 1
94	10 6
32	10 6
73	10 5
60	10 2
46	10 6
12	10 3
95	10 7
90	10 2
66	10 3
10	10 4
1	10 2
42	10 10
27	10 1
76	10 2
92	10 2
45	10 8
41	10 10
25	10 2
64	10 10
9	10 1
88	10 6
52	10 7
43	100 4
6	100 8
70	100 3
69	100 9
29	100 9
17	100 5
27	100 3
37	100 3
55	100 6
15	100 1
36	100 4
62	100 3
97	100 9
82	100 2
71	100 3
65	100 9
90	100 5
72	100 6
100	100 6
84	100 1
47	100 3
12	100 8
78	100 10
91	100 6
30	100 2
32	100 8
88	100 7
81	100 2
25	100 6
77	100 4
33	128 9
59	128 4
83	6 1
58	6 5
99	6 9
29	6 3
51	6 7
77	6 9
87	6 9
15	136 3
41	136 1
74	136 5
13	136 3
24	136 3
44	136 9
31	136 2
15	43 4
62	43 5
46	43 9
59	43 10
17	43 8
55	43 7
30	43 3
23	43 6
74	43 4
48	43 2
84	43 4
6	43 10
27	43 1
75	43 2
89	43 5
73	43 5
45	43 5
37	43 4
56	43 9
44	43 9
66	43 9
68	43 7
63	43 10
60	43 10
81	43 4
31	97 7
68	97 3
86	97 9
85	97 3
18	97 4
75	97 2
59	97 4
97	97 5
47	97 6
83	97 2
23	97 4
98	97 1
28	97 8
58	97 2
30	97 9
73	97 3
61	97 1
12	97 9
22	97 9
51	97 4
33	97 10
29	97 8
62	97 7
71	97 7
21	97 2
46	97 1
93	97 4
3	97 7
26	97 1
70	97 4
100	97 4
8	97 10
66	97 3
10	97 7
70	192 10
30	192 9
91	192 3
10	192 1
48	192 7
66	192 5
61	192 8
20	192 3
8	192 10
55	192 5
53	192 1
35	192 8
9	192 3
77	192 7
74	192 4
83	192 10
67	192 6
88	192 5
69	192 5
89	192 7
54	192 1
12	192 9
38	192 5
63	192 9
36	192 3
26	192 5
29	192 4
94	192 10
92	192 9
18	192 10
32	192 6
28	192 6
16	192 3
57	192 3
40	192 3
80	192 7
82	192 5
76	192 3
79	192 4
2	192 3
39	192 3
96	192 3
64	192 8
45	192 9
77	2 3
29	2 4
91	2 6
78	2 10
45	2 9
13	2 1
49	2 4
51	2 4
32	2 4
70	2 6
90	2 9
53	2 10
12	2 7
100	2 9
22	2 7
65	2 7
53	98 2
21	98 1
38	98 5
99	98 2
14	98 6
93	98 8
52	98 4
70	98 3
29	98 5
86	98 10
67	98 2
63	98 8
48	98 3
28	98 4
76	98 2
30	98 6
77	98 7
69	98 10
58	98 3
100	98 6
2	98 1
18	98 4
8	98 8
47	98 4
72	98 6
24	98 2
19	98 4
92	98 7
9	98 5
46	98 3
74	98 5
61	98 9
54	98 10
30	33 9
12	33 2
27	33 2
75	33 5
73	33 6
1	33 1
94	33 10
19	33 4
71	33 2
9	33 1
54	33 8
21	33 8
33	33 10
26	33 6
47	33 4
77	33 2
62	33 6
13	33 9
24	33 9
8	33 9
88	33 4
51	33 3
65	33 3
87	33 8
78	33 8
44	33 2
70	33 3
4	33 10
35	33 5
49	33 7
58	33 8
74	33 10
92	33 7
41	33 9
39	33 9
3	33 2
93	33 1
5	33 9
72	33 5
83	33 5
60	33 4
18	33 8
80	33 9
32	33 10
79	33 7
56	9 10
76	9 1
23	9 8
86	9 9
55	9 2
87	9 6
33	9 5
18	9 2
7	9 10
57	9 4
64	9 10
41	9 6
100	9 5
4	9 1
35	9 6
93	9 8
71	9 9
51	9 1
78	9 5
29	9 1
31	9 3
34	9 10
49	9 3
45	9 5
11	9 4
13	9 7
5	31 8
47	31 6
16	31 9
8	31 1
14	31 2
56	77 5
58	77 2
1	77 5
77	77 1
54	77 8
19	77 2
88	77 9
90	77 6
22	77 9
72	77 8
86	77 10
66	77 5
30	77 1
15	77 4
10	77 2
70	77 1
89	77 4
3	77 5
93	77 2
92	77 10
33	77 10
64	77 2
12	77 6
59	77 4
60	77 6
95	77 2
50	77 10
13	77 6
87	77 9
98	77 6
75	77 8
18	77 6
4	77 6
91	77 10
53	77 7
84	77 5
16	77 4
29	77 3
85	77 5
25	77 10
62	77 6
20	77 3
82	77 9
79	77 1
31	60 1
57	60 2
19	60 3
79	60 1
7	60 7
66	60 5
38	60 5
63	60 9
50	60 1
47	60 4
93	60 1
61	60 7
67	60 5
94	60 10
91	60 4
87	60 5
54	60 2
26	60 4
90	60 1
69	60 7
11	60 2
14	60 1
21	21 5
16	21 8
54	21 5
13	21 5
65	21 8
73	21 1
70	21 7
68	21 4
10	21 10
61	21 9
29	21 4
23	21 9
91	21 9
31	21 5
45	21 10
44	21 8
11	21 3
69	21 4
41	21 3
66	21 4
79	21 7
2	21 8
60	21 8
83	21 8
51	21 10
77	21 6
17	21 1
39	21 10
86	21 2
78	21 7
25	21 7
75	21 3
33	21 5
8	21 8
80	21 9
30	21 1
57	21 9
43	21 8
48	21 7
88	21 7
4	21 8
67	21 7
93	21 7
74	21 3
15	21 6
87	21 7
6	34 3
93	34 3
76	34 5
81	34 7
82	34 1
28	34 7
89	34 8
46	145 9
24	145 9
78	145 6
44	145 4
6	145 3
82	145 9
19	145 5
73	145 2
71	145 3
63	145 4
3	145 7
15	145 5
27	145 8
80	145 7
91	35 1
52	35 8
51	35 7
77	35 5
19	35 9
25	35 7
73	35 6
9	35 5
96	35 10
41	35 9
56	35 1
74	35 3
85	35 6
24	35 9
89	35 6
63	35 7
67	35 10
97	35 2
70	35 9
40	35 9
42	35 2
31	35 1
18	35 8
66	35 8
14	35 2
100	35 10
10	35 5
27	35 3
47	35 2
35	35 5
36	35 10
28	35 8
37	35 10
62	35 5
21	35 10
26	35 1
98	35 1
95	35 8
48	5 8
76	5 9
93	5 8
49	5 1
10	5 3
4	5 4
52	5 3
14	5 3
82	5 10
73	5 8
45	5 9
17	5 7
22	5 7
33	5 4
38	5 3
57	5 3
50	5 10
98	5 10
95	5 9
13	5 2
72	5 8
12	5 9
63	5 4
5	5 4
71	5 9
81	5 1
75	138 5
17	138 7
10	138 1
63	138 10
87	138 10
38	138 7
82	138 10
19	138 2
68	138 6
49	138 10
4	138 6
57	138 8
23	138 5
37	138 9
32	138 6
20	138 10
48	138 6
26	138 5
13	138 2
14	138 10
70	62 1
16	62 8
59	62 7
49	62 6
65	62 1
36	62 7
27	62 3
94	62 7
6	62 2
74	62 1
57	62 8
10	62 8
4	62 1
26	62 3
55	62 3
28	62 7
60	62 10
33	62 1
45	62 6
30	62 1
81	62 6
96	62 4
89	62 8
52	62 8
95	62 7
22	62 4
14	62 8
85	62 9
8	62 8
49	41 6
87	41 1
91	41 8
46	41 8
52	41 3
10	41 1
98	41 3
8	41 4
37	41 4
71	41 7
26	41 8
41	41 3
47	41 7
96	41 8
72	41 10
11	41 4
3	41 6
39	41 3
59	41 5
69	41 8
14	41 10
70	41 4
77	41 5
83	41 6
57	41 8
12	41 1
66	41 4
32	92 7
26	92 5
27	92 1
98	92 9
66	92 8
58	92 7
8	92 5
73	92 8
61	92 5
25	92 7
68	92 3
5	92 1
17	92 6
67	92 5
55	92 10
46	92 3
90	92 7
33	92 2
97	92 6
44	92 2
69	92 7
62	92 5
89	92 10
52	92 3
88	92 8
45	92 5
83	92 5
72	92 7
23	92 8
2	92 4
11	92 6
36	92 10
100	92 7
78	92 5
64	92 5
43	190 7
27	190 8
65	190 9
63	190 1
90	190 9
22	190 5
88	190 2
35	190 8
54	190 1
51	190 3
98	190 6
97	190 4
23	190 5
46	190 7
92	190 2
3	190 2
79	190 5
30	190 9
44	190 4
37	190 4
18	190 8
59	190 2
52	190 2
36	190 2
41	190 5
50	190 7
40	190 3
66	190 3
42	190 10
6	190 4
57	190 5
80	190 10
86	190 1
62	190 6
71	78 8
21	78 5
22	63 9
13	63 10
33	63 9
68	63 7
78	63 2
80	63 9
30	63 5
43	63 9
14	63 6
20	63 2
99	63 5
6	63 2
45	63 9
34	63 4
91	63 8
28	63 10
51	63 6
8	63 2
25	63 7
65	63 1
46	63 1
88	63 10
2	63 10
89	63 5
66	63 7
27	63 6
53	63 8
3	63 5
72	63 9
47	63 9
63	63 9
57	63 4
95	63 1
44	63 10
83	72 5
94	72 10
58	72 10
99	72 2
95	72 8
12	72 10
14	72 3
72	72 2
74	72 5
40	72 1
10	72 10
8	72 1
55	72 7
73	72 1
84	72 3
32	72 6
49	72 2
88	72 9
78	72 4
35	72 1
71	72 3
37	72 6
92	72 1
25	72 4
9	72 4
80	72 2
81	72 8
53	72 3
67	72 10
84	3 8
10	3 4
47	3 2
46	3 4
67	3 8
38	3 10
36	3 3
87	3 10
11	3 6
58	3 7
88	3 9
57	3 7
27	3 9
48	3 2
41	3 3
83	3 5
60	3 9
7	3 8
53	3 8
40	3 3
33	3 10
43	3 1
26	3 2
82	183 3
17	183 7
24	183 6
76	183 3
80	183 3
74	183 4
79	183 6
3	183 6
96	183 7
5	183 4
62	183 7
87	183 8
67	183 4
52	183 7
91	183 10
39	183 7
72	183 8
8	183 10
23	183 1
48	183 9
19	183 4
14	183 3
37	183 10
4	183 7
56	183 7
46	183 9
93	183 2
26	183 6
22	183 5
64	183 2
55	183 4
7	183 1
25	183 8
29	183 9
43	183 6
12	183 5
53	183 4
10	183 9
68	183 5
51	183 2
54	183 1
28	170 6
93	170 3
38	170 10
95	170 6
57	170 3
43	170 1
61	170 1
72	170 6
89	170 4
46	170 4
79	170 5
31	170 6
11	170 7
37	170 2
59	170 10
82	170 3
91	170 5
76	170 5
64	170 9
83	170 10
98	170 6
80	170 2
75	170 1
86	170 6
25	170 7
92	170 8
96	170 3
63	170 8
85	170 1
10	170 5
4	170 5
16	170 9
23	170 2
78	170 4
51	170 9
47	170 5
8	170 9
15	191 4
51	191 4
6	191 7
35	191 4
89	191 10
27	191 5
44	191 8
87	191 9
43	191 5
80	191 8
57	191 5
24	191 6
66	191 2
23	191 1
86	191 5
65	144 7
83	144 5
60	144 9
13	144 4
50	144 7
82	144 7
79	144 9
7	144 5
51	144 3
34	144 2
10	144 2
75	144 4
49	144 3
74	144 5
37	144 2
45	144 1
17	144 10
2	144 4
92	144 4
18	144 6
69	144 10
36	144 3
93	144 7
71	144 5
38	144 10
30	144 9
58	144 9
63	144 2
29	144 2
98	144 4
99	144 4
39	144 4
77	144 7
81	144 9
55	144 9
42	144 3
88	144 4
26	144 10
52	144 2
100	68 8
12	68 1
35	68 5
7	68 4
60	68 10
49	68 8
6	68 8
47	68 2
45	68 8
1	68 1
56	68 8
99	87 10
74	87 9
48	87 6
25	87 7
61	87 2
40	87 2
26	87 9
39	87 9
32	87 4
22	87 8
27	87 7
67	87 1
53	87 6
3	87 9
66	87 10
90	87 2
23	87 10
84	87 8
5	87 7
43	87 9
55	87 3
17	87 3
56	87 8
34	87 2
96	87 5
75	87 2
87	87 4
8	87 8
70	87 6
88	87 5
62	87 6
97	87 7
13	87 4
77	87 5
60	116 2
92	116 3
24	116 2
63	116 8
62	116 5
81	116 9
67	116 5
72	116 1
4	116 2
49	116 9
95	116 4
89	116 4
44	116 6
30	116 9
65	116 5
91	116 10
85	116 1
86	116 8
52	116 3
29	116 7
41	116 6
83	116 10
23	116 3
58	116 4
69	116 6
43	116 1
88	116 8
57	116 3
11	116 2
1	116 8
84	116 1
37	116 4
74	116 6
50	116 3
7	116 8
25	116 10
26	116 7
82	116 7
16	116 7
15	116 5
10	116 4
77	116 4
79	116 3
90	116 2
61	116 6
78	116 4
13	120 6
57	120 10
76	120 5
86	120 3
65	120 10
66	120 1
58	120 8
6	120 1
78	120 2
72	120 1
21	120 8
90	120 10
77	85 3
78	121 7
32	121 6
44	121 10
1	121 8
85	121 4
24	121 4
80	121 1
23	121 6
94	121 3
81	121 5
30	121 2
41	121 5
26	121 6
34	121 5
92	121 8
100	121 4
40	121 2
17	121 1
43	121 3
69	121 4
51	121 3
58	121 2
47	121 8
28	121 9
7	121 9
50	121 3
59	121 6
33	121 6
31	121 4
27	121 5
77	121 9
29	121 5
18	121 1
52	121 5
88	121 4
67	121 8
3	121 4
90	121 3
71	65 4
63	65 3
34	65 3
53	65 4
7	110 1
23	110 1
71	110 7
37	110 2
83	110 8
98	110 4
9	110 8
28	110 5
6	110 10
95	110 8
66	110 10
70	110 10
41	110 4
58	110 6
59	110 8
1	110 1
82	110 2
78	110 10
94	110 6
44	110 5
18	110 5
62	110 3
48	110 5
88	110 4
61	110 7
80	110 9
5	110 7
12	110 3
69	110 9
42	110 4
84	110 3
21	110 10
92	110 2
13	110 1
22	83 10
23	83 4
83	7 3
4	7 1
47	7 7
49	7 3
99	7 5
55	7 2
45	7 9
72	7 6
25	7 6
84	7 8
36	7 8
43	7 5
15	7 3
26	7 5
42	7 9
57	7 5
7	7 2
35	7 10
88	7 3
8	7 4
81	7 5
95	7 2
20	7 1
62	7 7
1	7 6
9	7 2
24	7 7
71	7 3
73	7 1
97	7 9
75	7 1
56	51 7
2	51 5
7	51 5
47	51 2
82	51 2
34	51 1
18	51 5
42	51 6
64	197 4
19	197 6
16	197 7
41	197 10
63	70 7
15	70 3
95	70 1
10	70 8
73	70 7
38	70 5
88	70 3
39	70 5
91	70 8
92	70 9
53	70 6
13	70 10
42	70 8
66	70 4
12	70 2
45	70 4
93	70 7
60	70 2
70	70 4
20	70 6
57	70 8
51	70 7
3	70 4
67	70 10
1	70 9
61	70 2
4	70 1
29	70 8
34	70 6
37	70 6
16	70 1
24	70 8
73	187 3
33	187 7
72	187 6
22	187 1
35	187 8
59	187 4
77	187 7
94	187 3
69	187 3
14	187 10
19	187 8
38	187 1
3	187 8
66	187 6
16	187 1
90	187 9
45	187 7
64	187 7
74	187 9
71	187 6
34	187 3
91	187 2
15	187 4
50	187 4
29	187 7
32	23 8
51	23 3
49	23 3
72	23 8
30	23 9
7	23 8
73	23 6
64	23 2
29	23 6
56	23 2
11	23 2
66	23 5
2	23 5
1	23 7
71	23 2
57	23 6
91	23 7
28	23 10
53	23 6
74	23 6
67	23 8
58	23 3
88	23 2
5	23 4
31	23 9
82	23 1
23	23 5
45	23 8
50	23 10
85	23 8
69	23 2
63	23 8
40	23 6
22	23 7
19	23 1
75	23 6
8	23 2
99	23 9
76	23 1
92	23 3
77	23 4
15	23 7
33	23 2
84	23 6
65	23 10
34	23 8
10	23 5
96	179 9
22	179 10
49	179 6
65	179 8
73	179 1
89	179 6
95	179 4
4	179 3
33	179 9
15	179 9
25	179 6
97	179 3
34	179 7
74	118 7
73	118 10
5	118 5
83	118 10
90	118 5
65	118 10
77	118 2
43	118 10
30	118 10
76	118 3
64	118 8
55	118 7
48	118 6
45	118 5
41	118 10
97	118 7
93	118 8
59	118 10
39	118 2
13	118 9
38	118 10
22	118 9
92	118 6
82	118 9
81	118 8
72	118 1
34	118 4
10	118 4
94	118 10
14	118 10
36	118 4
20	118 5
33	118 1
31	118 6
27	118 7
79	118 3
23	118 8
67	118 9
70	118 8
51	118 2
52	118 10
19	118 6
86	118 2
46	173 9
71	173 7
95	173 1
32	173 5
1	173 10
84	173 10
50	173 7
68	173 3
20	173 1
61	173 5
69	173 1
82	173 4
85	173 9
17	173 8
42	173 4
91	173 3
3	173 5
76	173 8
16	173 8
56	173 10
15	173 4
59	173 1
51	173 8
73	173 4
81	173 6
70	173 9
65	173 5
2	173 4
77	173 10
31	173 9
71	52 10
22	52 7
98	52 2
41	52 1
79	52 7
60	186 9
6	186 3
84	186 5
17	186 1
37	186 7
99	186 10
46	186 1
76	186 6
19	186 9
54	186 1
93	186 8
67	186 8
50	186 10
24	186 2
38	186 8
47	186 2
5	186 5
74	186 4
43	186 3
66	186 7
21	186 9
16	186 4
61	186 6
83	186 5
86	186 6
44	186 9
45	186 5
34	186 6
85	186 1
70	186 5
82	186 6
29	186 9
18	186 10
39	186 5
36	186 9
40	186 1
27	186 8
10	186 3
69	186 8
25	186 4
95	186 6
9	186 6
31	186 5
68	186 9
1	186 6
89	186 8
62	186 1
77	186 6
41	106 2
25	106 5
33	106 5
52	106 10
4	106 6
17	106 8
77	106 1
16	106 1
38	106 6
67	106 2
47	106 10
32	106 1
56	106 5
53	106 3
34	106 9
76	106 3
85	106 6
92	106 7
100	106 3
83	106 7
1	106 6
57	106 5
22	106 6
54	106 4
89	106 2
87	106 10
19	106 7
20	106 2
66	106 5
86	106 4
49	106 7
8	106 1
69	106 5
28	106 4
61	106 2
51	106 6
15	106 4
48	106 3
58	106 7
8	101 4
67	101 4
18	101 3
92	101 7
84	101 1
35	101 5
64	101 3
21	101 4
78	101 7
31	101 10
60	101 4
66	101 8
5	101 9
65	101 8
22	101 4
29	101 10
24	101 4
82	101 6
47	101 1
13	101 8
58	101 9
38	101 6
57	101 4
41	101 10
62	101 8
9	101 6
11	101 10
69	101 3
72	101 2
100	101 4
23	101 5
68	101 9
30	101 9
1	101 6
79	101 8
63	101 10
39	101 1
93	101 7
54	101 7
12	117 2
3	117 1
64	117 1
27	117 10
60	117 6
54	117 9
89	117 1
88	117 4
59	117 2
41	117 9
13	117 8
82	117 5
11	117 8
26	117 2
23	117 6
98	117 5
6	117 10
51	117 7
55	117 4
4	117 4
74	117 5
93	117 8
62	117 9
94	117 6
19	117 3
20	117 8
77	117 1
37	117 7
42	90 5
25	90 6
37	90 4
14	90 1
56	90 1
27	90 7
15	90 6
87	90 2
22	90 7
40	90 10
45	90 8
64	90 3
61	90 8
43	90 3
13	90 5
84	90 1
29	90 4
90	90 5
34	90 1
24	90 4
63	90 1
1	90 6
28	90 9
36	90 2
96	90 7
60	90 10
65	90 1
54	90 7
53	90 9
89	90 2
11	90 9
66	90 2
75	90 8
19	90 6
50	90 5
23	90 9
41	90 7
70	90 7
86	90 9
55	90 7
76	90 7
32	90 9
3	90 9
69	90 8
85	90 9
95	90 4
52	147 6
96	147 10
70	147 5
18	147 5
84	147 1
16	147 10
38	147 1
100	147 6
89	147 5
44	147 10
4	147 2
27	147 6
3	147 2
81	147 2
37	147 1
6	147 10
63	147 9
90	147 6
59	147 10
32	147 2
91	147 8
26	147 8
48	147 6
51	147 9
11	147 1
9	147 3
58	147 4
67	147 9
74	147 7
47	147 3
8	147 1
10	147 5
39	147 5
21	147 8
76	147 7
80	147 5
72	147 5
53	147 5
77	147 6
50	147 9
16	150 3
25	150 10
8	150 2
18	150 9
30	150 9
62	150 3
22	150 7
84	150 10
65	150 6
35	103 2
77	103 6
71	103 4
58	103 3
24	103 9
64	103 5
83	103 9
52	103 9
59	103 9
9	103 2
55	103 8
75	103 8
40	103 2
49	103 6
13	113 6
19	113 3
23	113 6
97	113 8
31	113 3
50	113 2
33	113 7
32	113 3
75	113 10
48	113 1
36	113 2
53	113 6
71	113 5
92	113 5
3	113 8
11	113 1
15	113 2
91	113 3
68	113 5
16	113 10
6	113 5
98	113 7
94	113 3
78	113 7
1	113 4
55	113 9
86	113 9
28	113 1
61	113 4
62	113 2
17	113 10
77	113 10
2	113 10
81	113 6
67	113 10
84	113 7
34	175 10
39	175 10
29	175 7
84	175 1
1	175 4
89	175 6
92	175 8
91	175 10
69	175 9
53	175 4
67	175 10
38	175 10
31	175 8
49	175 7
24	175 7
45	175 9
2	175 9
66	175 10
96	175 1
23	175 7
41	175 5
22	175 4
35	175 9
57	175 5
81	175 3
44	175 3
64	175 9
86	175 5
95	175 5
51	175 9
21	175 8
30	175 4
11	175 1
70	175 3
62	175 1
11	13 2
35	13 1
60	13 10
77	13 2
83	13 3
18	13 9
9	13 1
32	13 7
23	13 5
79	13 5
1	13 1
21	13 5
57	13 5
99	13 8
40	13 9
54	13 10
39	13 1
25	13 1
46	13 10
56	13 3
27	13 9
37	13 5
14	13 8
44	13 5
2	13 5
96	13 1
22	13 5
42	13 3
89	13 8
36	13 7
6	13 8
81	13 10
91	48 6
38	48 5
5	48 1
42	48 4
92	48 1
58	48 7
95	48 9
94	48 3
36	48 10
79	48 2
98	48 2
18	48 3
24	48 3
89	48 3
11	48 4
73	48 1
40	48 5
16	48 10
26	48 8
76	48 1
91	55 10
28	55 6
6	55 3
36	55 4
67	55 1
2	55 4
78	55 8
16	55 3
20	55 5
19	55 3
77	55 1
10	55 6
76	55 4
63	55 6
23	55 2
69	55 9
93	55 3
96	55 5
53	55 6
7	55 2
11	55 7
85	55 5
50	55 6
81	55 2
70	55 5
26	55 10
14	55 5
30	55 1
82	55 4
52	55 3
80	55 9
1	55 6
97	55 1
48	55 8
29	152 6
97	152 3
48	152 3
100	152 3
13	152 5
35	152 1
77	152 7
58	152 9
73	152 1
80	152 6
91	152 6
2	152 4
56	152 1
23	152 5
19	152 4
53	152 6
10	152 7
60	152 4
55	152 10
67	152 8
27	152 7
63	152 5
25	152 7
68	152 2
92	152 4
59	152 6
82	152 9
81	152 5
52	152 3
62	152 10
42	152 7
87	152 5
28	152 6
44	152 7
71	152 3
83	152 6
50	152 9
10	38 7
80	38 1
44	38 3
4	38 2
69	38 1
48	38 5
78	38 5
17	38 2
4	47 7
2	47 3
29	47 4
39	47 3
66	47 6
78	47 5
82	47 8
45	47 1
57	47 3
99	47 1
47	47 2
16	47 5
73	47 2
55	47 8
94	47 2
25	47 1
3	47 3
27	47 5
96	47 1
40	47 3
75	47 8
19	47 10
65	47 10
23	47 7
6	47 9
98	47 7
21	47 5
82	174 8
34	174 9
41	174 7
86	174 4
52	174 8
70	174 2
39	174 7
88	174 2
20	174 2
67	174 7
33	174 2
68	174 6
57	174 4
12	174 9
8	174 10
54	174 5
11	174 3
44	174 10
85	174 10
75	174 5
81	174 9
43	174 4
65	174 8
4	174 9
13	174 10
46	174 1
64	174 4
90	174 1
73	174 10
25	174 6
66	151 5
91	151 5
82	151 2
56	151 10
46	151 6
45	151 8
65	151 10
11	139 2
83	139 2
25	139 7
43	139 7
24	139 8
80	139 6
75	139 4
27	139 2
45	139 9
32	139 3
90	139 10
38	139 5
16	139 4
3	139 7
95	139 1
71	139 3
64	139 5
89	139 4
77	139 8
47	139 7
100	139 6
35	139 6
59	139 3
61	139 9
69	139 7
44	139 5
66	139 10
67	139 4
52	164 4
47	164 9
21	164 7
88	164 5
23	164 1
46	164 1
6	164 10
82	164 8
89	164 1
43	164 3
71	164 3
97	164 1
1	164 9
51	164 7
42	164 10
5	164 9
38	164 4
2	164 10
96	164 1
28	164 3
36	164 1
55	164 2
58	164 8
26	164 9
57	164 6
24	164 9
86	164 6
32	164 8
75	164 1
100	164 2
45	164 3
44	164 3
22	164 7
31	164 5
20	164 8
15	164 4
85	164 5
29	164 1
66	164 1
67	164 4
17	164 3
41	26 2
48	165 9
25	165 6
64	165 9
9	165 2
59	165 4
58	165 7
91	165 9
27	165 3
39	165 2
61	165 2
42	165 6
5	165 2
73	165 7
67	165 3
69	165 3
2	165 2
83	165 6
31	165 1
53	165 5
55	165 6
34	165 1
66	165 1
14	165 2
50	165 9
12	165 5
38	165 8
65	165 7
96	165 9
43	165 7
44	165 8
57	165 4
30	129 4
18	129 4
33	129 6
89	129 1
44	129 10
63	129 3
75	129 9
56	129 1
53	129 4
72	129 1
90	129 9
45	129 9
61	129 1
21	129 9
100	129 7
23	129 7
47	129 5
98	129 6
48	129 2
26	129 8
32	129 8
22	129 7
15	129 6
96	129 1
69	129 2
50	129 9
88	129 8
71	129 1
11	133 6
37	133 5
15	133 7
55	133 6
80	133 3
82	133 6
95	133 4
70	133 9
47	133 2
89	133 4
34	133 10
19	133 9
66	133 2
85	133 7
13	133 6
29	133 3
45	157 1
40	157 8
66	157 6
11	157 1
85	157 3
91	157 9
86	157 6
55	157 10
95	157 10
52	157 1
6	157 8
92	157 1
88	157 4
90	157 5
33	157 5
65	157 7
93	157 7
25	157 2
69	157 3
70	157 9
24	157 9
39	157 2
77	157 7
94	157 2
29	157 2
35	157 2
43	157 4
80	157 10
36	157 10
3	157 8
50	157 7
7	157 9
13	157 5
71	157 10
82	157 6
78	157 6
33	40 7
89	40 7
51	40 2
43	40 6
48	40 7
26	40 2
31	40 6
30	40 8
42	40 1
54	40 2
40	40 4
76	40 4
87	40 8
24	40 8
1	40 9
80	40 1
84	40 10
72	40 10
22	40 5
21	40 10
92	40 10
75	40 9
7	40 5
73	40 9
53	40 10
61	40 5
50	40 1
62	40 4
56	40 1
15	40 4
29	40 8
13	40 3
16	40 10
52	40 8
2	40 1
3	40 2
71	40 6
93	40 3
11	40 2
63	108 2
27	108 4
81	108 2
16	142 2
33	142 9
78	142 5
34	142 6
80	142 3
73	142 4
55	142 4
43	142 2
46	142 9
42	142 2
88	142 8
74	142 5
38	142 6
71	142 4
15	142 1
18	142 3
95	142 6
23	142 8
98	142 5
47	142 2
29	142 5
22	176 8
4	176 2
52	176 6
56	176 3
45	176 8
49	176 1
31	176 2
12	176 2
16	176 3
34	176 4
41	176 1
19	176 10
74	176 1
20	176 9
9	176 7
42	176 8
8	176 6
57	176 4
100	176 2
76	176 6
63	176 6
36	176 5
85	176 3
98	176 5
75	176 4
86	176 7
59	176 5
33	176 9
13	176 1
48	176 1
39	176 10
62	176 2
14	176 5
95	176 5
53	188 5
57	188 1
19	188 4
86	188 2
17	188 4
15	188 3
16	188 6
56	188 5
99	188 5
67	188 4
39	188 6
98	188 2
40	17 3
39	17 7
85	17 2
34	17 6
4	17 2
7	17 9
50	17 4
43	17 1
12	17 1
54	17 6
59	17 5
77	17 9
53	17 9
81	17 3
45	17 9
87	17 10
70	17 2
21	17 4
1	17 7
42	17 5
16	17 9
62	17 1
93	17 7
10	17 8
48	17 6
98	17 3
97	17 6
21	126 7
81	126 4
47	126 4
31	126 10
12	126 6
1	126 6
75	126 5
16	126 10
82	126 10
4	126 9
28	126 7
22	126 1
26	126 1
13	126 8
98	126 2
72	126 2
68	126 3
66	126 6
97	167 6
25	167 3
35	167 2
22	167 4
7	167 10
40	135 7
82	135 7
26	135 5
35	135 6
58	96 9
95	96 7
57	96 8
39	96 2
10	96 9
99	96 9
53	96 6
44	96 8
47	96 9
89	96 7
63	96 8
18	96 9
20	96 7
21	96 2
23	96 9
14	96 9
50	96 3
5	89 2
80	89 9
3	89 10
85	89 1
29	89 2
49	89 6
16	89 1
51	89 10
8	89 7
83	89 5
26	89 8
33	89 9
65	89 6
9	89 6
63	89 8
45	89 3
22	89 6
72	89 5
95	89 6
34	89 2
48	89 10
66	89 1
40	89 9
73	89 4
99	89 9
82	89 3
75	89 2
30	89 3
54	89 5
23	89 9
59	89 5
56	89 7
24	89 4
84	89 1
57	89 4
100	89 2
52	89 5
71	89 7
37	89 5
64	89 1
69	99 10
89	99 2
24	99 5
41	99 1
37	99 9
68	99 5
22	99 3
95	99 10
9	99 3
86	99 2
12	99 10
80	99 9
50	99 6
3	99 1
99	99 1
92	99 3
20	99 4
30	99 5
58	99 7
27	99 10
79	99 3
25	99 9
98	99 4
36	99 9
77	99 5
96	99 1
44	99 9
13	99 2
8	99 3
75	99 3
74	99 7
60	99 1
61	99 2
35	99 5
87	99 8
48	99 6
55	99 10
65	93 6
29	93 4
99	93 4
78	93 4
3	93 3
46	93 9
76	93 4
24	93 4
32	93 10
58	93 8
85	93 9
54	93 2
86	93 1
19	93 2
21	93 3
53	93 3
41	93 7
35	93 4
63	93 2
37	61 10
5	61 4
33	61 9
36	61 1
91	61 2
25	61 2
48	61 4
34	61 9
21	61 10
7	61 1
29	61 1
70	61 5
41	61 2
9	61 9
67	61 10
2	61 10
93	61 1
85	61 8
46	61 5
82	61 9
17	61 10
19	61 9
35	61 2
22	61 10
45	61 9
62	61 6
55	61 2
20	61 2
11	61 4
24	61 5
89	61 10
64	166 4
84	166 1
75	166 9
92	166 7
25	166 7
10	166 4
58	166 6
17	166 10
37	166 7
49	166 3
89	166 3
31	166 6
59	166 5
78	166 3
66	166 3
76	166 10
32	166 1
40	166 4
43	166 1
45	166 4
8	166 1
4	166 6
22	166 4
5	166 1
41	166 2
57	88 1
21	88 5
66	88 8
51	88 3
31	88 9
38	88 4
32	88 3
29	88 5
44	88 1
40	88 7
41	88 6
49	88 10
3	88 5
94	88 2
82	88 2
25	88 6
5	88 3
98	88 2
97	88 5
2	88 5
96	88 3
87	88 5
42	88 5
12	88 9
67	88 4
68	88 5
14	88 5
59	88 4
48	88 10
81	88 3
76	88 4
71	42 5
3	42 2
14	42 2
8	42 8
92	42 10
17	42 7
88	42 7
41	42 8
6	42 10
4	42 10
48	42 7
22	42 1
24	42 3
38	42 5
31	42 4
7	42 2
36	42 4
68	42 5
89	42 4
25	42 2
81	42 1
51	42 9
23	42 8
5	42 4
69	42 2
2	42 5
19	42 6
26	42 1
80	42 2
64	42 7
58	42 8
59	42 2
93	42 7
56	42 10
85	42 6
42	42 5
18	42 10
93	141 7
2	141 4
47	141 4
13	141 6
81	141 5
89	141 10
65	171 9
67	171 1
60	171 4
71	171 2
17	171 3
57	171 8
88	171 3
99	171 7
62	171 1
69	171 10
44	171 4
72	171 1
10	171 5
6	12 2
17	12 3
86	12 8
89	12 9
36	12 10
70	12 6
46	12 6
30	12 4
49	12 8
55	12 2
19	12 1
79	12 1
13	12 1
99	12 10
15	12 1
9	12 1
33	12 2
87	12 7
23	12 3
58	12 6
62	12 3
5	12 3
12	12 3
32	12 5
96	12 3
85	12 9
14	12 5
18	12 7
27	12 9
3	12 1
92	119 7
23	119 4
4	119 7
61	119 2
48	119 9
2	119 7
35	119 6
90	119 9
76	119 2
66	119 8
99	119 10
55	119 3
36	119 8
69	119 10
43	119 6
40	119 4
79	119 4
95	119 8
81	119 10
60	119 6
75	119 8
73	119 1
12	119 8
53	119 9
27	119 10
5	119 10
38	119 1
57	119 7
80	119 5
65	119 5
29	119 1
68	119 8
83	119 3
11	119 2
36	162 1
28	69 3
44	69 6
90	69 4
19	69 2
45	69 1
69	69 2
68	69 2
29	69 1
59	69 3
13	69 7
81	69 7
42	69 2
56	69 5
20	69 10
88	69 1
96	69 2
17	69 9
51	36 10
85	36 6
44	36 1
61	36 1
8	36 5
6	36 8
5	36 5
64	36 1
77	36 8
100	36 6
17	149 10
59	149 8
70	149 9
94	149 7
20	149 4
11	149 9
37	149 2
1	149 8
76	149 9
63	149 7
50	149 7
86	149 10
10	149 9
7	149 8
90	149 8
21	149 3
87	149 8
34	149 4
82	149 6
52	149 4
74	149 9
98	149 1
33	149 4
57	149 7
61	149 1
8	149 2
80	149 2
14	149 10
100	149 4
56	149 8
81	149 6
44	149 7
53	149 5
83	149 9
27	149 10
23	149 6
48	149 9
51	149 5
96	149 6
25	149 4
4	149 1
22	149 6
12	149 8
31	149 3
9	149 1
68	149 6
58	149 8
88	149 8
92	149 9
19	172 1
79	172 7
3	172 8
44	172 4
73	172 4
48	172 6
5	172 8
45	172 3
95	172 3
39	172 7
37	172 5
52	172 6
31	172 6
49	172 1
36	172 10
86	172 6
61	172 7
77	172 3
23	172 7
9	172 8
10	172 9
93	172 4
2	172 9
7	172 4
94	172 1
33	172 1
20	172 2
40	172 4
91	172 4
38	172 8
17	172 2
76	172 8
29	172 8
47	172 7
83	172 10
58	172 9
41	172 2
65	172 1
96	172 10
4	172 4
54	172 6
25	172 2
51	172 8
98	148 7
10	148 2
28	148 6
86	148 9
8	148 10
54	148 5
4	148 10
26	148 4
68	148 2
60	148 10
95	148 2
78	148 8
92	148 3
3	148 3
96	148 1
70	148 5
85	148 3
88	148 3
36	148 5
94	148 9
82	148 7
35	148 3
29	148 4
15	148 4
46	148 9
13	148 3
1	148 3
81	148 5
67	148 8
91	148 5
61	148 7
17	148 2
66	148 10
9	148 7
59	148 6
21	148 8
27	148 10
55	148 8
6	148 3
79	148 8
87	148 9
11	148 5
37	148 10
57	148 9
93	148 10
39	169 4
78	169 3
63	169 8
77	169 7
48	169 6
91	169 4
55	169 1
88	169 8
74	200 7
81	200 6
91	200 10
16	200 7
27	200 5
66	200 3
14	80 8
82	80 7
17	80 1
80	80 10
9	80 1
55	80 1
12	80 1
100	80 8
15	80 8
70	80 5
95	80 6
40	80 9
96	80 2
75	80 1
19	80 10
25	80 8
16	80 6
24	80 4
78	80 9
84	80 2
4	80 6
42	80 5
30	80 2
35	80 4
32	80 9
27	80 5
20	80 7
57	80 6
39	80 7
41	80 5
86	80 5
90	80 7
68	80 5
56	80 9
22	80 5
45	80 9
36	80 3
43	80 2
10	80 10
79	80 4
73	80 1
44	80 8
51	80 1
72	80 3
91	29 7
90	29 9
92	29 10
27	29 9
8	29 8
85	29 5
22	29 4
79	29 7
52	29 7
50	29 8
23	29 5
32	29 6
46	29 7
12	29 6
65	29 6
86	29 1
13	29 8
34	29 4
87	29 2
25	29 8
35	29 9
94	29 10
1	29 4
2	29 1
77	29 8
13	107 2
46	107 10
79	107 4
70	107 2
63	107 4
31	107 4
25	107 10
21	107 9
39	107 4
29	107 6
36	107 5
66	107 3
64	107 4
5	107 1
10	107 2
78	107 4
51	107 1
48	107 7
18	107 8
33	107 6
35	107 9
44	107 9
17	107 8
86	107 8
16	107 4
61	107 10
72	107 9
2	107 3
38	107 7
99	107 1
45	107 8
83	107 3
52	107 2
76	107 1
68	107 8
67	107 8
59	107 1
92	107 10
98	107 5
11	107 8
14	107 3
37	107 3
47	107 7
4	107 6
30	107 4
1	107 6
93	4 8
90	4 2
51	4 4
49	4 9
95	4 5
86	4 4
48	4 1
98	4 3
41	4 5
40	4 7
6	4 5
46	4 9
30	4 3
74	4 5
9	4 9
73	4 9
2	4 5
21	4 6
42	4 1
34	4 3
94	4 7
65	4 7
89	4 8
13	4 8
53	4 8
36	4 4
27	4 9
71	4 4
44	4 10
78	4 9
5	4 8
91	4 2
57	4 2
81	4 6
70	4 7
24	4 7
56	4 3
69	4 10
87	4 1
27	195 10
54	195 6
11	195 2
46	195 7
70	195 10
52	195 2
56	195 7
43	195 3
79	195 4
99	195 2
57	195 2
36	195 2
20	134 3
27	134 5
61	134 2
42	134 8
28	134 2
63	134 6
41	134 7
67	134 3
25	134 2
35	134 9
12	134 4
74	134 1
3	134 5
11	134 7
33	134 3
64	134 8
80	134 7
81	134 7
79	134 3
95	134 5
49	134 6
100	134 6
70	134 5
85	134 10
73	134 8
54	134 2
92	134 4
55	134 1
39	134 6
45	134 3
14	134 7
37	134 8
98	134 9
18	134 8
69	134 2
46	134 9
24	134 7
68	134 9
53	79 1
69	79 4
45	79 6
55	79 6
38	79 8
83	79 5
91	79 8
32	79 1
100	79 6
17	79 7
74	79 2
40	79 10
6	79 6
57	79 7
64	79 4
49	79 10
27	79 3
2	79 10
58	79 5
44	79 3
51	79 10
12	79 6
93	79 4
75	79 6
78	79 8
5	79 4
63	79 1
82	79 8
95	30 6
10	30 3
64	30 2
61	30 10
42	30 10
77	30 6
9	30 3
89	30 9
19	27 8
83	27 4
8	27 2
95	27 4
30	27 1
46	27 7
75	27 10
31	27 6
26	27 1
10	27 10
99	27 9
61	27 1
5	27 5
4	27 8
80	27 6
85	27 7
82	27 9
2	27 7
53	27 3
48	27 1
90	27 7
88	27 6
25	27 7
28	27 2
41	27 6
81	27 3
57	27 4
33	27 10
87	27 9
21	27 7
91	27 6
93	27 10
89	27 2
49	27 7
98	27 4
63	27 2
66	27 8
12	27 6
47	27 4
18	27 5
15	27 7
38	27 10
66	81 2
65	81 6
72	81 9
36	81 4
80	81 3
20	81 6
41	81 10
21	81 1
40	81 10
48	81 8
26	81 5
90	81 3
53	81 4
7	156 1
28	156 2
52	156 7
81	156 5
62	156 5
78	156 7
77	156 10
48	156 2
46	156 9
91	156 4
5	156 1
11	156 9
44	156 1
29	156 3
45	156 5
63	156 6
99	156 5
80	156 3
37	156 5
64	156 7
49	156 3
100	156 9
54	156 8
60	156 5
70	156 3
4	156 9
41	156 10
40	156 8
73	156 5
98	156 10
13	156 5
14	156 5
79	156 1
69	156 9
84	156 5
67	156 9
6	156 7
22	156 1
35	156 10
89	156 5
95	156 2
9	156 3
97	156 6
71	155 6
60	155 3
18	104 7
20	104 2
11	104 6
90	104 2
61	104 10
26	104 10
53	104 9
89	104 1
49	104 8
66	104 1
33	104 8
22	104 7
76	104 1
19	104 3
10	104 8
1	104 10
42	104 9
2	104 2
85	104 9
95	104 2
60	104 8
68	104 10
27	104 6
25	104 3
63	104 5
65	104 4
41	104 4
43	104 3
3	104 3
15	104 4
92	104 6
29	104 1
71	104 3
51	104 1
57	104 7
88	104 1
90	114 9
7	114 8
77	114 4
22	114 8
86	114 7
34	114 2
68	114 2
32	114 10
95	114 5
8	114 1
30	114 10
45	114 5
14	114 4
40	114 8
19	114 9
57	114 10
98	114 2
62	114 9
92	114 2
50	114 6
67	114 4
74	114 2
37	114 2
49	114 10
59	114 2
21	114 6
82	114 6
66	114 9
51	114 10
87	114 5
85	114 10
39	114 1
100	114 8
27	114 4
75	114 3
17	114 3
65	114 4
2	114 6
91	114 10
79	114 4
61	114 5
3	114 10
63	114 2
52	114 8
54	114 6
71	114 8
72	114 7
94	114 4
44	114 3
72	159 9
51	159 9
16	159 8
80	159 5
76	159 5
15	159 9
39	159 10
23	28 3
70	28 2
62	28 1
9	28 3
41	28 6
80	28 7
77	28 4
30	28 10
38	28 2
44	28 10
66	28 1
96	28 5
32	28 3
67	28 9
12	28 4
69	28 3
75	28 4
72	28 6
91	28 8
14	28 8
90	28 2
10	28 4
53	28 9
97	28 5
8	28 5
54	28 9
68	28 5
99	28 8
87	28 1
22	28 2
25	28 5
3	28 10
43	28 7
52	28 1
26	28 7
47	28 7
94	28 7
5	28 7
37	28 4
28	28 6
2	28 8
76	28 5
92	94 3
16	94 2
43	94 9
94	94 5
65	94 6
82	94 8
77	94 10
18	94 4
97	94 7
62	94 1
78	94 10
55	94 9
12	94 9
25	94 4
26	94 8
36	94 10
45	94 10
84	94 3
59	94 3
13	14 2
79	14 8
99	14 8
41	14 9
86	14 8
69	14 1
91	14 6
48	14 10
1	14 3
71	14 7
62	14 4
92	14 1
34	14 6
42	14 2
63	14 4
89	14 1
35	14 3
21	14 2
5	14 6
12	14 2
58	14 3
96	14 4
9	14 9
45	14 3
46	14 5
56	14 8
84	14 7
61	14 4
64	14 6
82	14 6
40	14 1
37	14 1
65	14 1
20	14 5
26	14 4
14	14 10
90	14 2
59	14 7
93	14 3
72	39 2
54	39 9
77	39 6
8	39 1
84	39 4
45	39 7
13	39 1
76	39 8
48	39 4
29	39 7
69	39 4
14	39 9
83	39 7
96	39 1
56	39 2
74	39 9
89	39 6
44	39 6
49	39 1
40	39 5
11	39 3
58	86 10
92	86 6
97	86 3
31	86 6
35	86 8
79	86 3
33	86 1
98	86 7
22	86 8
25	86 6
26	86 3
17	86 6
47	86 10
18	86 7
32	86 7
19	86 9
85	86 9
88	86 7
57	86 3
14	86 7
93	86 9
96	86 5
8	86 2
84	86 1
65	86 4
71	86 4
43	86 2
38	86 2
69	86 9
76	86 10
37	86 2
59	86 5
77	86 7
91	86 5
5	86 1
10	86 7
67	86 9
29	86 4
48	86 2
6	86 1
90	86 8
94	86 9
40	86 8
15	86 5
28	86 7
63	86 9
50	86 10
71	76 4
76	76 2
37	76 3
28	76 7
96	76 9
61	76 3
85	76 9
93	76 9
48	76 1
78	76 6
92	76 7
75	76 6
29	76 9
15	76 1
36	76 5
46	76 3
86	76 9
47	76 5
95	76 6
67	76 1
100	76 6
72	76 10
83	76 4
3	76 1
77	76 1
26	76 5
55	76 9
52	76 7
59	76 6
57	76 1
22	76 8
43	76 9
88	76 8
60	76 6
32	124 6
85	124 5
98	124 10
33	124 8
97	124 7
88	124 5
21	124 8
77	124 5
54	124 9
62	124 4
52	124 1
94	124 1
35	124 9
68	124 2
61	124 10
20	124 6
3	124 7
84	124 3
73	124 8
64	124 3
72	124 6
37	124 10
25	124 7
4	124 8
16	124 6
10	124 7
63	124 5
37	163 8
40	163 5
18	163 4
14	163 8
31	163 4
87	163 8
58	163 3
91	163 3
59	163 9
88	163 2
44	163 3
57	163 2
54	163 8
51	163 2
90	163 4
4	163 7
30	163 8
86	163 3
72	163 10
97	163 8
82	163 10
81	163 4
41	163 10
94	163 9
65	163 7
33	163 2
85	163 4
92	163 6
75	163 2
20	163 5
36	163 10
84	163 6
78	163 2
48	163 6
53	163 7
26	163 10
2	163 8
25	163 3
80	163 7
24	163 1
27	163 7
60	163 1
98	163 6
50	163 3
3	163 9
60	32 4
37	32 7
30	32 3
26	32 5
69	32 6
84	32 1
76	32 2
39	32 6
48	32 4
1	32 6
89	32 2
29	32 3
97	32 3
45	32 8
62	32 7
55	32 6
91	32 4
28	32 4
4	32 9
21	32 4
78	32 1
77	1 10
96	1 10
82	1 3
81	1 6
70	1 4
31	1 7
7	1 9
54	1 8
15	1 10
49	1 5
24	1 8
44	1 6
36	153 9
61	153 3
90	153 1
92	153 4
37	153 8
99	153 2
70	153 5
84	153 6
59	153 10
96	153 10
64	153 4
27	153 7
20	153 8
63	153 9
46	153 10
42	153 5
54	153 9
62	153 4
29	153 7
26	153 3
55	153 2
47	153 4
72	153 8
81	153 9
89	153 6
19	153 5
31	153 7
39	153 4
82	153 3
44	153 5
32	153 5
12	153 8
34	153 9
76	153 4
10	153 7
49	153 3
88	153 3
67	153 10
50	153 4
3	153 8
18	153 5
78	153 8
57	153 4
73	153 3
17	153 9
48	153 4
33	153 7
65	153 8
4	153 8
30	109 7
9	109 2
4	109 7
49	109 2
27	109 3
58	109 7
48	109 7
10	109 9
96	109 5
69	109 5
57	131 9
74	131 8
71	131 1
18	131 3
92	131 5
22	131 9
88	131 9
52	131 7
56	131 6
17	131 2
42	131 1
65	131 2
21	131 9
6	131 10
67	131 7
41	131 9
43	131 10
89	131 9
73	131 3
68	131 6
35	131 8
82	131 4
63	131 10
61	131 9
47	131 8
24	131 8
32	131 6
28	15 4
11	15 10
44	15 9
21	15 5
38	15 6
19	198 8
96	198 3
42	198 2
77	198 3
71	198 10
69	198 8
88	198 1
73	198 8
48	198 4
60	198 3
15	198 7
66	198 6
85	198 8
52	198 3
64	198 9
12	198 5
41	198 4
92	198 4
39	198 1
34	198 4
78	198 9
82	198 10
31	198 10
26	198 3
50	198 9
35	198 3
68	198 9
49	198 8
98	198 6
2	198 3
100	198 5
45	198 4
9	193 8
60	193 9
20	193 10
51	193 3
56	193 10
94	193 10
46	193 4
15	193 1
63	193 10
72	193 9
67	193 8
33	193 5
16	115 6
14	115 4
47	115 6
5	115 1
39	115 10
24	115 9
15	115 9
8	115 9
26	115 1
79	115 5
7	115 5
69	115 10
28	115 6
30	115 6
48	115 10
94	115 4
29	115 1
49	115 4
62	115 10
76	115 6
63	115 3
23	59 2
46	59 9
13	59 9
28	59 9
44	59 8
57	59 7
12	59 3
61	59 10
32	59 8
69	59 6
56	59 1
29	59 9
72	59 9
80	59 7
59	59 5
37	59 2
74	59 9
92	59 7
17	59 3
6	59 6
78	59 1
64	59 6
70	59 5
87	59 7
40	59 9
37	82 6
86	82 9
52	82 3
91	82 2
15	82 8
46	82 8
39	82 2
1	82 1
25	82 5
40	82 3
50	82 6
38	82 4
85	82 8
63	82 10
44	82 8
78	82 9
62	82 4
64	82 4
66	181 3
27	181 10
41	181 8
11	181 8
3	181 9
15	181 10
73	181 3
86	181 3
98	181 5
55	181 2
61	181 8
74	181 1
49	181 6
68	181 8
24	181 2
33	181 8
53	181 1
59	181 7
30	181 3
10	181 4
7	181 5
75	181 5
54	181 10
82	181 5
17	181 9
8	181 1
85	181 6
77	181 10
83	181 5
99	181 5
51	181 7
37	181 7
93	181 9
34	181 6
26	181 9
39	181 5
84	181 8
50	181 2
91	181 2
47	181 4
36	181 7
63	181 2
40	181 7
67	181 8
42	181 1
41	67 3
18	67 5
66	67 6
74	67 1
21	67 7
42	67 5
82	67 2
5	67 10
57	67 5
51	67 4
49	67 4
29	67 4
83	67 1
52	67 1
25	67 4
92	67 2
20	67 2
47	67 8
87	67 5
63	67 3
40	67 1
56	67 1
10	67 10
44	67 7
16	67 5
50	67 9
97	67 7
59	67 4
98	67 6
64	67 4
78	67 1
45	67 10
67	67 1
19	67 8
14	67 10
1	67 5
76	67 10
54	67 1
61	67 7
43	67 5
36	67 3
90	67 1
71	67 1
3	67 5
85	67 8
33	67 1
11	67 10
81	154 9
94	154 1
37	154 1
78	154 8
28	154 10
6	154 2
23	154 10
3	154 7
29	154 7
12	154 2
79	154 9
48	154 5
74	154 8
39	154 8
61	154 10
11	154 5
70	154 1
41	154 1
52	154 6
17	154 9
55	154 1
91	154 3
64	154 10
36	154 9
32	154 6
49	154 10
67	154 10
57	154 8
1	154 6
16	154 3
26	154 1
54	154 3
50	154 1
56	154 2
35	154 6
99	154 8
75	154 5
66	154 3
87	154 1
83	154 8
60	154 5
100	154 8
38	154 8
24	154 2
21	154 9
95	178 9
33	178 5
97	178 4
41	178 3
75	178 2
50	178 1
6	178 5
58	178 5
59	178 7
2	178 2
52	182 7
99	182 8
36	182 8
100	182 6
98	182 9
51	182 2
70	182 10
12	182 6
61	182 3
21	182 5
31	182 9
79	182 8
33	182 10
37	182 2
74	182 10
24	182 4
38	182 3
26	182 6
32	182 4
19	182 4
13	182 1
14	182 9
59	182 1
79	50 9
64	50 9
13	50 4
83	50 2
82	50 10
19	50 1
47	50 5
46	50 8
61	50 5
32	50 4
41	50 1
92	50 5
99	50 8
78	50 2
48	50 10
68	50 7
25	50 7
84	50 9
96	50 4
63	50 2
26	50 10
44	50 7
81	50 5
94	50 5
67	50 10
42	50 3
65	50 4
30	50 3
17	50 10
60	50 1
73	50 6
58	50 1
7	50 5
28	50 8
6	50 2
71	50 8
29	50 1
22	50 2
77	50 6
9	50 2
84	111 6
97	111 10
15	111 4
92	111 6
50	111 4
89	111 3
72	111 1
37	111 5
32	111 5
52	111 2
22	111 2
79	111 5
25	111 3
44	111 2
16	111 4
43	111 10
56	111 8
27	111 4
81	111 5
9	111 9
29	111 7
41	111 3
30	111 7
8	111 6
20	111 7
57	111 1
46	111 1
3	111 5
80	111 10
96	111 1
45	111 5
90	111 8
87	111 2
98	111 5
38	111 1
39	111 7
64	111 6
53	111 4
42	111 7
31	111 6
17	66 9
76	66 8
29	66 9
5	66 10
98	66 4
34	66 1
83	66 7
82	66 2
51	66 8
81	66 4
33	66 3
72	66 7
50	66 4
89	66 4
70	66 10
5	123 3
1	123 1
74	123 10
9	123 8
62	123 3
87	123 4
34	123 7
27	123 4
7	123 7
58	123 8
46	123 4
59	123 8
56	123 7
60	123 1
4	123 5
82	123 9
21	123 2
52	123 3
20	123 2
84	123 4
83	123 1
22	123 2
6	123 1
48	123 4
17	123 10
89	123 7
38	123 2
30	123 8
12	123 9
75	123 2
25	123 5
28	123 4
88	123 2
81	123 2
65	123 10
3	123 7
92	123 7
79	123 5
91	123 3
13	123 9
11	123 8
63	123 2
2	123 4
24	123 9
14	123 3
16	177 10
10	177 9
25	177 2
77	177 2
47	177 5
74	177 9
35	177 6
13	177 6
6	177 1
15	177 7
53	177 6
29	177 7
7	177 2
58	177 1
57	177 2
48	177 5
93	177 2
99	177 6
79	177 8
49	177 6
97	177 5
60	177 3
21	177 9
51	177 4
11	177 8
26	177 4
9	177 4
36	177 6
81	177 1
24	177 4
54	177 7
61	177 5
31	177 5
37	177 3
41	177 1
33	177 4
14	177 4
95	177 9
52	177 6
71	177 9
56	177 5
3	158 2
45	158 3
62	158 4
52	158 6
91	158 1
83	158 5
22	158 6
54	158 8
21	158 10
94	158 8
100	158 10
35	158 3
51	158 9
74	158 3
44	158 4
16	158 2
24	158 2
23	158 3
61	158 4
81	158 9
66	158 8
56	158 6
65	158 5
82	158 2
20	158 3
8	158 6
18	158 6
75	158 7
14	158 9
1	158 4
32	158 4
80	158 6
33	158 4
72	158 8
31	158 3
90	158 5
60	158 9
79	158 1
59	158 6
63	158 5
95	158 10
19	158 2
72	19 8
43	19 10
87	19 3
38	19 3
94	19 7
95	19 7
21	19 3
68	19 9
85	19 6
90	19 10
4	19 1
50	19 3
2	19 5
26	19 5
74	19 10
45	19 2
35	19 9
86	19 7
91	19 4
64	19 6
15	19 8
76	19 6
99	19 9
81	19 7
31	19 2
11	19 1
42	19 7
9	19 2
84	19 9
98	19 9
53	19 10
17	19 10
71	19 5
40	19 6
51	19 8
67	19 4
27	19 4
88	19 10
19	19 4
5	19 8
22	19 9
100	19 10
79	19 5
1	19 5
28	19 3
25	8 3
19	8 2
33	8 5
64	8 9
22	8 1
15	8 3
10	8 4
45	8 7
73	8 1
84	8 5
36	8 5
63	8 9
43	8 6
32	8 7
21	8 2
50	8 7
53	8 7
11	8 8
6	8 3
62	8 2
68	8 4
28	8 1
57	8 3
14	8 6
52	8 1
54	8 3
60	8 7
75	8 7
74	8 7
16	8 2
27	8 3
24	8 10
4	8 7
12	8 1
7	8 1
83	8 7
95	8 3
34	8 9
30	105 7
32	105 9
71	105 8
78	105 5
86	105 1
45	105 4
53	105 9
85	105 2
1	105 5
62	105 3
12	105 2
54	105 10
22	105 7
8	105 5
5	105 3
47	105 2
34	105 6
18	105 1
67	105 4
94	105 1
46	105 4
64	105 8
99	105 5
72	105 3
4	105 4
49	105 2
39	105 5
80	105 8
20	105 1
10	105 7
3	105 4
98	105 8
24	105 8
66	105 8
41	105 7
96	105 3
82	105 6
38	105 2
27	105 9
91	105 7
28	105 4
40	105 1
29	105 10
34	189 10
46	189 3
6	189 7
93	189 1
19	189 10
99	189 8
39	189 5
83	189 1
38	189 6
59	189 8
33	189 9
12	189 2
10	189 9
37	189 6
91	189 7
60	189 6
22	189 3
14	189 5
5	189 9
31	189 7
50	189 4
48	189 2
68	189 8
100	189 10
26	189 1
27	189 8
9	189 3
61	189 6
89	189 7
8	189 3
74	189 5
32	189 1
85	189 10
28	189 2
15	189 9
41	189 6
66	189 10
55	189 7
1	189 8
51	189 5
64	189 6
70	196 2
79	196 9
16	196 1
92	196 5
80	196 5
77	196 3
3	196 3
73	196 3
31	196 6
1	196 5
38	196 5
68	196 2
98	196 1
28	196 1
54	196 4
43	196 5
44	196 5
4	196 2
76	196 1
36	196 1
61	196 4
46	196 5
83	196 2
82	196 10
15	196 3
25	196 7
10	196 8
11	196 8
97	196 9
22	196 2
87	196 9
84	196 4
71	196 6
65	196 7
37	196 4
49	196 1
45	196 3
9	196 10
21	196 1
6	196 8
2	196 10
66	196 10
91	196 6
72	196 6
26	196 2
53	196 9
24	146 5
14	112 9
8	112 1
21	112 3
85	112 4
55	112 1
6	112 1
49	112 1
48	112 8
9	112 6
85	102 7
95	102 9
81	102 3
66	102 7
1	102 1
6	102 10
70	102 1
13	102 7
7	102 7
33	102 6
24	20 9
36	20 2
35	20 5
51	20 3
28	20 4
77	20 3
8	20 10
49	20 2
81	20 9
76	20 6
92	20 4
39	20 2
100	20 10
9	20 2
37	20 6
63	20 10
93	20 4
61	20 5
80	20 7
71	20 8
43	20 8
89	20 6
10	20 8
48	20 6
96	20 8
22	20 5
25	20 4
7	20 10
74	20 7
40	20 6
91	20 7
21	20 10
11	20 6
6	20 10
3	20 3
85	20 9
60	20 2
65	20 4
94	20 3
75	20 4
32	20 8
17	20 9
18	20 6
73	20 3
56	20 3
6	25 4
20	25 4
49	25 10
85	25 6
81	25 5
2	25 8
37	25 9
40	25 3
82	25 5
48	25 7
43	25 8
46	25 10
59	25 9
12	25 6
90	25 7
29	25 7
58	25 5
51	25 10
14	25 4
35	25 2
67	25 5
55	25 4
63	25 2
38	25 6
89	25 2
22	25 1
33	25 5
61	25 1
78	25 10
36	25 10
52	25 8
39	25 1
24	25 10
60	25 8
18	25 10
50	25 5
70	25 4
5	25 10
77	25 3
97	25 7
79	25 4
28	18 6
51	18 6
93	18 3
78	18 3
13	18 7
48	18 7
31	18 1
44	18 7
45	18 7
19	18 9
58	18 8
1	18 5
47	18 2
96	18 2
18	18 8
10	18 3
27	18 9
89	18 9
68	18 4
35	18 3
14	18 3
84	18 10
81	18 5
21	18 8
66	18 5
52	18 8
29	18 4
37	18 3
11	18 9
42	18 1
82	18 3
69	11 6
10	11 6
35	11 8
45	11 6
6	11 7
46	11 2
70	11 1
76	64 7
88	64 1
35	64 2
14	64 3
31	64 4
24	64 3
44	64 10
57	64 2
64	64 3
51	64 6
61	64 7
71	64 7
59	22 1
77	22 2
99	22 4
82	22 2
75	22 2
8	22 1
52	22 5
4	22 3
49	22 3
89	22 5
32	22 1
87	22 1
18	22 3
58	22 2
86	22 8
98	22 6
65	22 1
67	22 5
71	22 4
7	22 8
22	22 7
42	22 7
73	22 8
11	22 8
70	22 9
97	22 3
80	22 7
94	22 7
47	22 7
53	22 9
29	22 6
35	22 8
68	22 4
81	22 2
100	22 7
6	22 2
42	160 9
22	160 2
94	160 5
77	160 5
96	160 8
43	160 9
21	160 6
17	160 3
25	160 4
82	160 6
54	160 6
13	160 3
84	160 10
99	160 2
89	160 7
3	160 8
34	160 9
74	160 3
63	160 6
83	160 5
65	160 3
35	160 2
69	160 8
15	160 9
73	160 10
100	160 7
75	160 7
51	160 4
64	160 2
49	160 1
52	160 5
4	160 7
91	160 5
70	160 4
36	46 5
15	46 5
31	46 1
99	46 2
93	46 3
5	46 4
94	46 7
41	46 1
17	46 5
29	46 7
12	46 6
1	46 3
87	46 3
32	46 3
9	46 1
84	46 6
2	46 1
76	46 10
24	46 2
77	46 8
37	46 10
14	46 9
51	46 10
10	46 8
62	46 3
42	46 6
78	46 6
73	46 3
25	46 2
26	46 10
100	46 5
16	46 7
82	46 7
65	46 8
89	46 6
70	46 3
67	46 2
91	46 5
30	46 7
68	91 6
6	91 1
57	91 5
60	91 10
36	91 5
45	91 2
70	91 1
83	91 4
8	91 10
39	91 10
21	91 3
64	91 10
97	91 4
1	91 7
67	91 2
22	91 6
48	91 5
72	91 6
87	91 2
7	91 7
99	91 9
52	91 4
19	44 7
65	44 10
25	44 6
32	44 9
84	44 9
42	44 9
28	44 6
7	44 8
20	44 10
97	44 5
24	44 5
7	45 4
76	45 4
54	45 7
40	45 4
96	45 6
32	45 4
83	45 6
69	45 10
67	45 4
48	45 7
59	45 3
52	45 3
27	45 6
95	45 4
97	45 7
49	45 1
82	45 2
90	45 4
30	45 6
26	45 7
75	45 9
13	45 7
91	45 10
93	45 2
58	45 3
46	45 8
92	194 8
93	194 8
81	194 6
29	194 7
32	194 3
66	194 10
77	194 6
54	194 5
64	194 4
48	194 8
56	194 6
87	194 4
17	194 8
74	194 10
22	194 7
34	194 8
46	194 2
65	194 8
13	194 3
42	194 9
88	194 4
86	194 7
57	194 4
49	194 1
4	194 4
78	194 5
79	194 2
96	194 6
28	194 3
18	194 2
27	194 6
40	16 10
100	16 10
15	16 8
76	16 5
62	16 1
30	16 8
66	16 2
46	16 2
26	16 10
89	16 10
64	16 10
75	16 5
74	16 4
90	16 9
49	16 8
18	16 2
71	16 8
70	16 7
69	16 10
52	16 2
73	16 4
14	16 9
80	16 2
96	16 8
93	16 7
72	16 5
13	16 4
65	16 6
10	16 1
21	16 10
6	16 2
92	16 7
53	16 1
24	16 2
31	16 1
63	16 6
54	16 3
11	16 3
97	16 3
61	16 2
28	16 8
78	16 6
58	16 4
85	16 2
43	122 3
18	122 3
29	122 2
73	122 3
61	122 1
3	122 6
57	122 7
51	122 5
53	122 3
80	122 7
14	122 3
87	122 8
41	122 9
27	122 5
84	122 6
97	122 5
66	122 9
72	122 1
30	122 4
60	122 10
59	122 6
9	122 7
79	122 8
11	122 3
25	122 8
33	122 8
40	122 2
39	122 2
92	122 1
68	122 7
58	122 5
70	122 7
65	122 1
55	122 5
47	122 10
7	122 7
37	122 7
19	122 6
4	122 6
85	122 10
35	122 6
52	122 2
32	122 1
78	122 1
24	122 9
8	122 7
16	122 6
91	122 1
48	199 6
21	199 7
59	199 5
34	199 3
56	143 5
97	143 7
100	143 1
37	143 6
24	143 6
73	143 5
9	143 3
65	143 3
62	143 9
14	143 1
81	143 9
27	143 8
28	143 3
99	143 6
61	143 10
22	143 6
19	143 2
33	143 7
35	143 4
87	143 5
3	143 6
36	143 3
29	143 6
30	143 7
40	143 5
92	143 10
63	143 2
90	143 3
83	143 5
51	143 3
84	143 9
12	143 9
50	143 5
39	143 8
58	185 8
81	185 10
56	185 1
55	185 3
73	185 2
91	185 7
7	185 7
60	185 1
61	168 9
54	168 10
49	168 2
16	168 5
96	168 8
10	53 9
61	53 7
58	53 6
68	53 8
93	53 6
25	53 8
35	53 6
80	53 3
90	53 1
3	53 9
64	53 4
52	53 3
66	53 5
49	53 5
24	53 6
46	53 2
70	53 6
2	53 6
92	53 5
47	53 1
96	53 10
100	53 3
25	125 1
70	125 1
28	125 1
88	125 4
73	125 2
16	125 2
65	125 3
39	125 4
4	125 6
3	125 7
96	125 5
1	125 7
43	125 9
56	125 8
15	125 5
92	125 6
8	125 8
37	125 2
44	125 7
84	125 10
42	125 3
64	125 4
100	125 10
18	125 7
79	125 1
74	125 9
22	125 4
66	125 4
11	125 9
27	125 8
81	125 9
67	125 9
26	125 6
41	125 8
87	125 10
21	125 6
59	125 7
17	125 2
95	125 7
62	125 6
13	180 5
55	180 4
74	180 5
89	180 2
95	180 6
69	180 1
12	180 5
22	180 5
25	180 2
78	180 6
29	180 4
88	74 5
6	74 9
31	74 2
70	74 1
40	74 6
76	74 8
51	74 10
78	74 8
54	74 6
30	74 5
32	74 6
64	74 10
60	74 1
65	74 5
73	74 10
9	74 9
85	74 8
57	74 10
35	74 6
92	74 3
62	74 7
41	74 2
37	74 6
45	74 9
5	74 9
16	74 2
29	74 2
71	74 1
72	74 9
8	74 6
47	74 2
63	74 6
93	74 10
39	74 10
36	74 8
49	74 1
97	74 1
4	74 6
66	74 8
20	74 3
26	74 10
44	74 3
82	74 10
91	74 8
53	74 7
77	74 8
14	58 4
41	58 5
74	58 3
71	58 4
73	58 7
19	58 3
50	58 3
83	58 4
11	58 7
88	58 7
60	58 6
15	58 5
92	58 9
8	58 10
43	58 5
63	58 7
68	58 7
2	58 1
12	58 8
64	58 10
28	58 1
31	58 10
27	58 5
85	58 1
54	58 7
22	58 8
16	58 1
61	58 3
95	58 10
91	58 6
75	137 6
72	73 6
60	73 1
12	73 1
20	73 3
97	73 5
51	73 10
46	75 5
54	75 1
5	75 8
60	75 5
90	75 6
73	75 7
100	75 2
80	75 7
17	75 10
96	75 1
79	75 8
3	54 2
36	54 6
64	54 1
28	54 7
9	54 9
46	54 7
94	54 8
80	54 1
49	54 4
43	54 4
40	54 1
37	54 1
85	54 2
26	130 7
11	130 3
3	130 1
74	130 2
42	130 7
90	130 4
87	130 5
4	130 3
22	130 4
5	130 6
52	130 1
95	130 7
46	130 9
94	130 10
96	130 7
34	130 4
40	184 2
23	184 5
45	184 8
66	184 6
86	184 10
97	184 8
3	184 2
22	184 10
6	184 4
76	184 2
13	184 4
38	184 4
99	184 3
18	184 2
74	184 4
40	95 2
85	132 6
22	132 10
89	132 7
82	132 1
72	132 7
88	132 7
93	132 5
78	132 8
33	132 3
100	132 8
84	132 8
47	132 4
90	132 1
31	132 4
15	132 4
70	132 8
52	132 3
75	132 2
99	132 5
19	132 4
36	132 5
40	132 3
48	132 8
81	24 1
68	24 6
37	24 8
60	24 3
59	24 5
75	24 1
90	24 5
83	24 8
42	24 3
89	24 4
1	24 5
48	24 2
27	24 1
18	24 7
50	24 1
94	24 9
14	24 3
72	24 9
15	24 1
44	24 7
13	24 4
21	24 3
58	24 5
91	24 1
6	24 3
29	24 7
23	24 9
26	24 8
7	24 7
100	24 8
52	24 3
77	24 2
78	127 1
21	127 3
8	127 9
96	127 9
14	127 6
72	127 9
83	127 3
46	127 5
65	127 2
13	127 7
31	127 7
34	127 2
38	127 10
6	84 2
53	84 9
46	84 7
23	84 2
26	84 1
22	84 4
25	84 8
49	84 2
7	84 3
83	84 5
31	84 10
93	84 1
19	84 6
65	84 4
54	84 10
32	84 1
12	84 4
28	84 9
57	84 1
14	84 10
29	84 7
70	84 9
88	84 2
85	84 5
39	84 7
60	84 9
73	84 5
56	84 4
47	84 5
97	84 1
44	84 10
79	84 6
98	84 9
6	140 6
38	140 9
92	140 8
23	140 2
93	140 9
21	140 1
52	140 8
32	140 4
53	140 1
1	140 10
59	140 5
14	140 5
50	140 9
49	140 3
24	37 3
41	37 5
97	37 10
37	37 6
89	37 6
12	37 8
96	37 8
69	37 7
86	37 4
82	37 6
21	37 10
70	37 1
38	37 7
100	37 1
18	37 3
17	37 2
73	37 4
14	37 2
