1 10	40
1 11	72
1 12	61
1 13	60
1 14	40
1 16	66
1 17	40
1 18	100
1 19	61
1 2	64
1 20	48
1 3	55
1 4	66
1 5	30
1 6	75
1 7	46
1 8	45
1 9	50
10 11	20
10 12	35
10 13	60
10 14	70
10 15	40
10 17	60
10 18	30
10 19	40
10 20	76
11 12	71
11 13	40
11 14	66
11 15	70
11 16	60
11 17	50
11 18	90
11 19	51
11 20	72
12 13	85
12 14	67
12 16	78
12 18	80
12 19	70
12 20	56
13 16	75
13 19	80
13 20	20
14 16	70
14 17	80
14 18	63
14 19	54
14 20	80
15 17	60
15 20	80
16 18	90
16 19	70
16 20	90
17 19	75
17 20	86
18 19	65
18 20	65
19 20	64
2 10	50
2 11	65
2 12	73
2 13	60
2 14	60
2 16	66
2 17	90
2 18	90
2 19	50
2 20	80
2 3	72
2 4	75
2 5	80
2 6	90
2 7	63
2 8	10
2 9	100
3 10	76
3 11	63
3 12	61
3 13	72
3 14	73
3 15	100
3 16	72
3 17	80
3 18	60
3 19	55
3 20	70
3 4	70
3 5	56
3 6	75
3 7	48
3 9	75
4 10	66
4 11	70
4 12	82
4 13	80
4 14	62
4 15	60
4 16	70
4 17	65
4 18	75
4 19	54
4 20	60
4 5	50
4 6	90
4 7	62
4 8	45
4 9	77
5 10	80
5 11	20
5 12	72
5 13	50
5 14	53
5 15	35
5 16	80
5 17	66
5 18	40
5 19	78
5 20	53
5 6	83
5 7	70
5 9	84
6 10	60
6 11	55
6 12	76
6 14	70
6 15	60
6 16	80
6 17	80
6 18	90
6 19	33
6 20	70
6 7	70
6 9	62
7 10	58
7 11	56
7 12	68
7 13	40
7 14	73
7 15	20
7 16	80
7 17	70
7 18	80
7 19	65
7 20	55
7 8	90
7 9	65
8 10	60
8 11	80
8 12	60
8 14	100
8 16	50
8 18	40
8 19	70
8 20	75
8 9	80
9 10	62
9 11	25
9 12	62
9 14	65
9 15	10
9 17	60
9 18	50
9 19	81
9 20	54
